32
36
49
41
15
37
48
30
26
16
15
25
18
17
23
33
34
15
27
34
39
28
42
43
36
12
37
18
26
36
20
17
24
50
15
28
38
22
41
15
15
40
34
28
46
27
43
42
31
20
29
12
11
23
17
17
27
47
30
18
26
45
16
50
50
16
12
22
21
35
29
32
46
37
21
19
31
24
35
33
13
48
35
12
22
33
49
19
42
29
46
26
26
46
22
41
34
29
14
49
40
38
49
26
18
22
21
46
32
34
45
46
39
16
41
25
28
37
43
14
15
18
11
40
11
25
36
28
40
27
10
16
16
28
35
43
16
34
32
42
50
24
34
41
44
31
48
26
47
49
49
13
34
42
21
29
15
39
35
29
48
39
31
21
17
11
34
39
42
31
17
46
18
21
33
34
47
24
37
14
41
11
38
49
19
21
33
45
46
18
18
12
34
11
22
17
17
30
27
23
19
45
41
24
42
23
14
30
14
32
48
22
19
15
16
37
19
25
36
20
42
49
33
34
21
49
25
17
40
34
42
10
35
10
43
44
24
48
15
30
13
28
44
46
33
24
28
36
12
36
21
37
30
11
40
39
40
35
33
39
24
27
20
36
47
19
12
29
13
17
35
19
10
25
42
37
47
19
21
35
20
12
20
32
39
46
27
26
22
49
27
14
34
19
11
47
10
13
28
40
25
16
27
45
32
48
36
41
13
33
15
22
47
45
13
31
47
45
41
19
28
20
10
14
29
48
17
40
47
20
17
11
42
28
49
37
22
46
22
28
15
38
20
13
41
12
48
27
18
43
39
49
15
32
32
25
16
19
49
10
42
40
38
17
16
